{
    "camera_angle_x": 0.6911112070083618,
    "frames": [
        {
            "file_path": "./train/r_20",
            "rotation": 0.012566370614359171,
            "transform_matrix": [
                [
                    0.8422731161117554,
                    -0.25616011023521423,
                    0.47429734468460083,
                    1.9119539260864258
                ],
                [
                    0.5390509963035583,
                    0.40025293827056885,
                    -0.7410947680473328,
                    -2.9874486923217773
                ],
                [
                    1.4901161193847656e-08,
                    0.8798747658729553,
                    0.475205659866333,
                    1.915615439414978
                ],
                [
                    0.0,
                    0.0,
                    0.0,
                    1.0
                ]
            ]
        },
        {
            "file_path": "./train/r_21",
            "rotation": 0.012566370614359171,
            "transform_matrix": [
                [
                    0.9048085808753967,
                    0.3769117295742035,
                    -0.19813843071460724,
                    -0.7987216114997864
                ],
                [
                    -0.4258183538913727,
                    0.8008883595466614,
                    -0.4210183620452881,
                    -1.6971794366836548
                ],
                [
                    0.0,
                    0.4653121531009674,
                    0.8851466178894043,
                    3.5681405067443848
                ],
                [
                    0.0,
                    0.0,
                    0.0,
                    1.0
                ]
            ]
        },
        {
            "file_path": "./train/r_22",
            "rotation": 0.012566370614359171,
            "transform_matrix": [
                [
                    -0.4602559208869934,
                    -0.5367125868797302,
                    0.7071803212165833,
                    2.8507351875305176
                ],
                [
                    0.887786328792572,
                    -0.2782484292984009,
                    0.3666241765022278,
                    1.4779094457626343
                ],
                [
                    0.0,
                    0.7965658903121948,
                    0.6045514941215515,
                    2.437025308609009
                ],
                [
                    0.0,
                    0.0,
                    0.0,
                    1.0
                ]
            ]
        },
        {
            "file_path": "./train/r_23",
            "rotation": 0.012566370614359171,
            "transform_matrix": [
                [
                    -0.4675160050392151,
                    0.5285975337028503,
                    -0.7085289359092712,
                    -2.8561718463897705
                ],
                [
                    -0.8839846849441528,
                    -0.27956119179725647,
                    0.37472212314605713,
                    1.5105533599853516
                ],
                [
                    0.0,
                    0.8015173077583313,
                    0.5979713797569275,
                    2.4105000495910645
                ],
                [
                    0.0,
                    0.0,
                    0.0,
                    1.0
                ]
            ]
        },
        {
            "file_path": "./train/r_24",
            "rotation": 0.012566370614359171,
            "transform_matrix": [
                [
                    0.7739522457122803,
                    0.35971799492836,
                    -0.5211533904075623,
                    -2.1008365154266357
                ],
                [
                    -0.633243978023529,
                    0.4396481513977051,
                    -0.6369548439979553,
                    -2.5676472187042236
                ],
                [
                    0.0,
                    0.8229899406433105,
                    0.5680559277534485,
                    2.2899067401885986
                ],
                [
                    0.0,
                    0.0,
                    0.0,
                    1.0
                ]
            ]
        },
        {
            "file_path": "./train/r_25",
            "rotation": 0.012566370614359171,
            "transform_matrix": [
                [
                    -0.1613457202911377,
                    -0.3997095823287964,
                    0.9023301005363464,
                    3.637409210205078
                ],
                [
                    0.9868979454040527,
                    -0.06534761935472488,
                    0.14751990139484406,
                    0.5946717858314514
                ],
                [
                    3.725290298461914e-09,
                    0.914309561252594,
                    0.40501612424850464,
                    1.6326723098754883
                ],
                [
                    0.0,
                    0.0,
                    0.0,
                    1.0
                ]
            ]
        },
        {
            "file_path": "./train/r_26",
            "rotation": 0.012566370614359171,
            "transform_matrix": [
                [
                    -0.9752575159072876,
                    -0.03920060396194458,
                    0.21756872534751892,
                    0.8770476579666138
                ],
                [
                    0.22107206284999847,
                    -0.17293314635753632,
                    0.9598026275634766,
                    3.8690884113311768
                ],
                [
                    3.725290742551124e-09,
                    0.9841530919075012,
                    0.1773204803466797,
                    0.7148017883300781
                ],
                [
                    0.0,
                    0.0,
                    0.0,
                    1.0
                ]
            ]
        },
        {
            "file_path": "./train/r_27",
            "rotation": 0.012566370614359171,
            "transform_matrix": [
                [
                    -0.9902960658073425,
                    0.09176140278577805,
                    -0.10437164455652237,
                    -0.42073559761047363
                ],
                [
                    -0.13897335529327393,
                    -0.6538731455802917,
                    0.7437312006950378,
                    2.9980766773223877
                ],
                [
                    0.0,
                    0.7510190606117249,
                    0.6602804064750671,
                    2.6616756916046143
                ],
                [
                    0.0,
                    0.0,
                    0.0,
                    1.0
                ]
            ]
        },
        {
            "file_path": "./train/r_28",
            "rotation": 0.012566370614359171,
            "transform_matrix": [
                [
                    0.7852338552474976,
                    -0.33010709285736084,
                    0.5238673686981201,
                    2.111776828765869
                ],
                [
                    0.619199275970459,
                    0.4186233878135681,
                    -0.6643393039703369,
                    -2.678037405014038
                ],
                [
                    -1.4901161193847656e-08,
                    0.8460399508476257,
                    0.5331193804740906,
                    2.1490728855133057
                ],
                [
                    0.0,
                    0.0,
                    0.0,
                    1.0
                ]
            ]
        },
        {
            "file_path": "./train/r_29",
            "rotation": 0.012566370614359171,
            "transform_matrix": [
                [
                    0.8931812047958374,
                    0.20586314797401428,
                    -0.3998093008995056,
                    -1.6116830110549927
                ],
                [
                    -0.44969668984413147,
                    0.4088824987411499,
                    -0.7940956354141235,
                    -3.2011020183563232
                ],
                [
                    0.0,
                    0.889064371585846,
                    0.45778220891952515,
                    1.8453792333602905
                ],
                [
                    0.0,
                    0.0,
                    0.0,
                    1.0
                ]
            ]
        },
        {
            "file_path": "./train/r_30",
            "rotation": 0.012566370614359171,
            "transform_matrix": [
                [
                    -0.28673890233039856,
                    -0.8562213182449341,
                    0.42972761392593384,
                    1.7322875261306763
                ],
                [
                    0.9580087661743164,
                    -0.25627318024635315,
                    0.12862055003643036,
                    0.5184860825538635
                ],
                [
                    0.0,
                    0.44856342673301697,
                    0.8937509655952454,
                    3.60282564163208
                ],
                [
                    0.0,
                    0.0,
                    0.0,
                    1.0
                ]
            ]
        },
        {
            "file_path": "./train/r_31",
            "rotation": 0.012566370614359171,
            "transform_matrix": [
                [
                    -0.15501070022583008,
                    0.9340341687202454,
                    -0.32179465889930725,
                    -1.2971957921981812
                ],
                [
                    -0.9879127740859985,
                    -0.1465567648410797,
                    0.050491925328969955,
                    0.20353946089744568
                ],
                [
                    0.0,
                    0.3257317543029785,
                    0.945462167263031,
                    3.8112800121307373
                ],
                [
                    0.0,
                    0.0,
                    0.0,
                    1.0
                ]
            ]
        },
        {
            "file_path": "./train/r_32",
            "rotation": 0.012566370614359171,
            "transform_matrix": [
                [
                    6.262858369154856e-05,
                    0.21157889068126678,
                    -0.9773608446121216,
                    -3.9398677349090576
                ],
                [
                    -1.0,
                    1.3250886695459485e-05,
                    -6.121072510723025e-05,
                    -0.0002467483573127538
                ],
                [
                    0.0,
                    0.9773607850074768,
                    0.21157889068126678,
                    0.8529018759727478
                ],
                [
                    0.0,
                    0.0,
                    0.0,
                    1.0
                ]
            ]
        },
        {
            "file_path": "./train/r_33",
            "rotation": 0.012566370614359171,
            "transform_matrix": [
                [
                    0.7431973218917847,
                    -0.5280798077583313,
                    0.41083991527557373,
                    1.6561487913131714
                ],
                [
                    0.6690723896026611,
                    0.5865845680236816,
                    -0.4563559293746948,
                    -1.8396297693252563
                ],
                [
                    0.0,
                    0.6140441298484802,
                    0.7892715930938721,
                    3.1816558837890625
                ],
                [
                    0.0,
                    0.0,
                    0.0,
                    1.0
                ]
            ]
        },
        {
            "file_path": "./train/r_34",
            "rotation": 0.012566370614359171,
            "transform_matrix": [
                [
                    -0.7566120028495789,
                    0.34157976508140564,
                    -0.5575495362281799,
                    -2.247554063796997
                ],
                [
                    -0.6538640856742859,
                    -0.39525550603866577,
                    0.6451627016067505,
                    2.600733995437622
                ],
                [
                    0.0,
                    0.8526995182037354,
                    0.5224018096923828,
                    2.1058690547943115
                ],
                [
                    0.0,
                    0.0,
                    0.0,
                    1.0
                ]
            ]
        },
        {
            "file_path": "./train/r_35",
            "rotation": 0.012566370614359171,
            "transform_matrix": [
                [
                    -0.3977896273136139,
                    0.3703862130641937,
                    -0.8393910527229309,
                    -3.3836936950683594
                ],
                [
                    -0.9174765944480896,
                    -0.1605880707502365,
                    0.36393412947654724,
                    1.4670655727386475
                ],
                [
                    0.0,
                    0.9148910045623779,
                    0.40370094776153564,
                    1.6273707151412964
                ],
                [
                    0.0,
                    0.0,
                    0.0,
                    1.0
                ]
            ]
        },
        {
            "file_path": "./train/r_36",
            "rotation": 0.012566370614359171,
            "transform_matrix": [
                [
                    0.7656702995300293,
                    -0.4731244146823883,
                    0.4357779026031494,
                    1.7566769123077393
                ],
                [
                    0.6432332396507263,
                    0.5631818175315857,
                    -0.5187265872955322,
                    -2.0910537242889404
                ],
                [
                    2.9802320611338473e-08,
                    0.6774803400039673,
                    0.7355409264564514,
                    2.965060234069824
                ],
                [
                    0.0,
                    0.0,
                    0.0,
                    1.0
                ]
            ]
        },
        {
            "file_path": "./train/r_37",
            "rotation": 0.012566370614359171,
            "transform_matrix": [
                [
                    -0.46346595883369446,
                    -0.8589088916778564,
                    0.21788737177848816,
                    0.8783321380615234
                ],
                [
                    0.886114776134491,
                    -0.4492363929748535,
                    0.11396195739507675,
                    0.4593953788280487
                ],
                [
                    0.0,
                    0.24589067697525024,
                    0.969297468662262,
                    3.9073634147644043
                ],
                [
                    0.0,
                    0.0,
                    0.0,
                    1.0
                ]
            ]
        },
        {
            "file_path": "./train/r_38",
            "rotation": 0.012566370614359171,
            "transform_matrix": [
                [
                    -0.8262399435043335,
                    0.21388964354991913,
                    -0.5211319923400879,
                    -2.10075044631958
                ],
                [
                    -0.5633181929588318,
                    -0.3137199878692627,
                    0.7643639445304871,
                    3.081249952316284
                ],
                [
                    1.4901159417490817e-08,
                    0.9251114130020142,
                    0.3796958923339844,
                    1.5306031703948975
                ],
                [
                    0.0,
                    0.0,
                    0.0,
                    1.0
                ]
            ]
        },
        {
            "file_path": "./train/r_39",
            "rotation": 0.012566370614359171,
            "transform_matrix": [
                [
                    -0.9966232776641846,
                    0.07444921880960464,
                    -0.034631188958883286,
                    -0.13960279524326324
                ],
                [
                    -0.0821097195148468,
                    -0.9036424160003662,
                    0.4203430414199829,
                    1.6944570541381836
                ],
                [
                    0.0,
                    0.4217672646045685,
                    0.9067041277885437,
                    3.655041217803955
                ],
                [
                    0.0,
                    0.0,
                    0.0,
                    1.0
                ]
            ]
        },
        {
            "file_path": "./train/r_40",
            "rotation": 0.012566370614359171,
            "transform_matrix": [
                [
                    -0.4379815459251404,
                    0.34720176458358765,
                    -0.8292304277420044,
                    -3.3427348136901855
                ],
                [
                    -0.8989839553833008,
                    -0.16915537416934967,
                    0.40399786829948425,
                    1.6285674571990967
                ],
                [
                    -1.4901161193847656e-08,
                    0.922408401966095,
                    0.3862157464027405,
                    1.5568854808807373
                ],
                [
                    0.0,
                    0.0,
                    0.0,
                    1.0
                ]
            ]
        },
        {
            "file_path": "./train/r_41",
            "rotation": 0.012566370614359171,
            "transform_matrix": [
                [
                    -0.994414210319519,
                    0.02083449251949787,
                    -0.10347140580415726,
                    -0.41710659861564636
                ],
                [
                    -0.10554812848567963,
                    -0.19629065692424774,
                    0.9748484492301941,
                    3.9297399520874023
                ],
                [
                    3.7252898543727042e-09,
                    0.9803244471549988,
                    0.1973932385444641,
                    0.7957176566123962
                ],
                [
                    0.0,
                    0.0,
                    0.0,
                    1.0
                ]
            ]
        },
        {
            "file_path": "./train/r_42",
            "rotation": 0.012566370614359171,
            "transform_matrix": [
                [
                    -0.9928660988807678,
                    -0.019224023446440697,
                    0.11767476797103882,
                    0.47436219453811646
                ],
                [
                    0.11923471093177795,
                    -0.160078227519989,
                    0.9798764586448669,
                    3.9500086307525635
                ],
                [
                    0.0,
                    0.9869171380996704,
                    0.16122838854789734,
                    0.6499325037002563
                ],
                [
                    0.0,
                    0.0,
                    0.0,
                    1.0
                ]
            ]
        },
        {
            "file_path": "./train/r_43",
            "rotation": 0.012566370614359171,
            "transform_matrix": [
                [
                    0.6021551489830017,
                    -0.635220468044281,
                    0.48363634943962097,
                    1.9496005773544312
                ],
                [
                    0.7983791828155518,
                    0.47909730672836304,
                    -0.36476919054985046,
                    -1.4704318046569824
                ],
                [
                    -1.4901162970204496e-08,
                    0.6057727932929993,
                    0.7956376075744629,
                    3.207318067550659
                ],
                [
                    0.0,
                    0.0,
                    0.0,
                    1.0
                ]
            ]
        },
        {
            "file_path": "./train/r_44",
            "rotation": 0.012566370614359171,
            "transform_matrix": [
                [
                    0.49585968255996704,
                    0.7388697266578674,
                    -0.45628345012664795,
                    -1.8393374681472778
                ],
                [
                    -0.8684027194976807,
                    0.4218961298465729,
                    -0.260538786649704,
                    -1.0502654314041138
                ],
                [
                    0.0,
                    0.5254284143447876,
                    0.850837767124176,
                    3.4298367500305176
                ],
                [
                    0.0,
                    0.0,
                    0.0,
                    1.0
                ]
            ]
        },
        {
            "file_path": "./train/r_45",
            "rotation": 0.012566370614359171,
            "transform_matrix": [
                [
                    -0.5594504475593567,
                    0.5238707065582275,
                    -0.6423196196556091,
                    -2.589273452758789
                ],
                [
                    -0.8288636207580566,
                    -0.3535921573638916,
                    0.43354055285453796,
                    1.7476580142974854
                ],
                [
                    0.0,
                    0.774940013885498,
                    0.6320346593856812,
                    2.5478134155273438
                ],
                [
                    0.0,
                    0.0,
                    0.0,
                    1.0
                ]
            ]
        },
        {
            "file_path": "./train/r_46",
            "rotation": 0.012566370614359171,
            "transform_matrix": [
                [
                    0.9999964833259583,
                    -0.0018918740097433329,
                    0.0018659689230844378,
                    0.007521961349993944
                ],
                [
                    0.0026572593487799168,
                    0.7119618654251099,
                    -0.7022131085395813,
                    -2.830711603164673
                ],
                [
                    0.0,
                    0.7022156119346619,
                    0.7119643688201904,
                    2.8700201511383057
                ],
                [
                    0.0,
                    0.0,
                    0.0,
                    1.0
                ]
            ]
        },
        {
            "file_path": "./train/r_47",
            "rotation": 0.012566370614359171,
            "transform_matrix": [
                [
                    -0.9168165326118469,
                    -0.3853738605976105,
                    0.1045677587389946,
                    0.42152610421180725
                ],
                [
                    0.3993086814880371,
                    -0.8848220705986023,
                    0.2400885820388794,
                    0.9678280353546143
                ],
                [
                    -7.450580596923828e-09,
                    0.26187196373939514,
                    0.9651026129722595,
                    3.8904531002044678
                ],
                [
                    0.0,
                    0.0,
                    0.0,
                    1.0
                ]
            ]
        },
        {
            "file_path": "./train/r_48",
            "rotation": 0.012566370614359171,
            "transform_matrix": [
                [
                    0.9999156594276428,
                    -0.012454097159206867,
                    0.003698349464684725,
                    0.014908524230122566
                ],
                [
                    0.012991628609597683,
                    0.9585440158843994,
                    -0.28464773297309875,
                    -1.1474518775939941
                ],
                [
                    0.0,
                    0.2846718430519104,
                    0.9586249589920044,
                    3.8643410205841064
                ],
                [
                    0.0,
                    0.0,
                    0.0,
                    1.0
                ]
            ]
        },
        {
            "file_path": "./train/r_49",
            "rotation": 0.012566370614359171,
            "transform_matrix": [
                [
                    0.3739576041698456,
                    -0.8564795851707458,
                    0.35580646991729736,
                    1.434301733970642
                ],
                [
                    0.9274457693099976,
                    0.3453431725502014,
                    -0.1434655785560608,
                    -0.5783282518386841
                ],
                [
                    0.0,
                    0.38364121317863464,
                    0.9234821796417236,
                    3.7226758003234863
                ],
                [
                    0.0,
                    0.0,
                    0.0,
                    1.0
                ]
            ]
        },
        {
            "file_path": "./train/r_50",
            "rotation": 0.012566370614359171,
            "transform_matrix": [
                [
                    -0.9326563477516174,
                    -0.22499778866767883,
                    0.282007098197937,
                    1.1368069648742676
                ],
                [
                    0.36076587438583374,
                    -0.5816670060157776,
                    0.7290481925010681,
                    2.938887357711792
                ],
                [
                    0.0,
                    0.7816900014877319,
                    0.6236670613288879,
                    2.514082431793213
                ],
                [
                    0.0,
                    0.0,
                    0.0,
                    1.0
                ]
            ]
        },
        {
            "file_path": "./train/r_51",
            "rotation": 0.012566370614359171,
            "transform_matrix": [
                [
                    -0.8471797108650208,
                    0.14040516316890717,
                    -0.5124186873435974,
                    -2.0656259059906006
                ],
                [
                    -0.5313065052032471,
                    -0.22387906908988953,
                    0.8170626759529114,
                    3.2936851978302
                ],
                [
                    7.450580596923828e-09,
                    0.9644504189491272,
                    0.26426392793655396,
                    1.0652819871902466
                ],
                [
                    0.0,
                    0.0,
                    0.0,
                    1.0
                ]
            ]
        },
        {
            "file_path": "./train/r_52",
            "rotation": 0.012566370614359171,
            "transform_matrix": [
                [
                    0.5719918608665466,
                    0.34370848536491394,
                    -0.7447749376296997,
                    -3.002284049987793
                ],
                [
                    -0.8202592730522156,
                    0.23967842757701874,
                    -0.5193543434143066,
                    -2.0935845375061035
                ],
                [
                    -1.4901160305669237e-08,
                    0.9079751372337341,
                    0.41902410984039307,
                    1.6891403198242188
                ],
                [
                    0.0,
                    0.0,
                    0.0,
                    1.0
                ]
            ]
        },
        {
            "file_path": "./train/r_53",
            "rotation": 0.012566370614359171,
            "transform_matrix": [
                [
                    0.2079109102487564,
                    0.16523794829845428,
                    -0.9640898704528809,
                    -3.886370897293091
                ],
                [
                    -0.9781477451324463,
                    0.03512227535247803,
                    -0.2049228399991989,
                    -0.8260704278945923
                ],
                [
                    0.0,
                    0.9856281876564026,
                    0.16892939805984497,
                    0.6809762716293335
                ],
                [
                    0.0,
                    0.0,
                    0.0,
                    1.0
                ]
            ]
        },
        {
            "file_path": "./train/r_54",
            "rotation": 0.012566370614359171,
            "transform_matrix": [
                [
                    -0.30069297552108765,
                    0.47792530059814453,
                    -0.8253308534622192,
                    -3.3270153999328613
                ],
                [
                    -0.9537209868431091,
                    -0.15068219602108002,
                    0.26021361351013184,
                    1.048954725265503
                ],
                [
                    7.450580596923828e-09,
                    0.8653798699378967,
                    0.5011163353919983,
                    2.0200648307800293
                ],
                [
                    0.0,
                    0.0,
                    0.0,
                    1.0
                ]
            ]
        },
        {
            "file_path": "./train/r_55",
            "rotation": 0.012566370614359171,
            "transform_matrix": [
                [
                    0.933196485042572,
                    -0.07844070345163345,
                    0.3507015109062195,
                    1.413723111152649
                ],
                [
                    0.35936683416366577,
                    0.2036931961774826,
                    -0.9106944799423218,
                    -3.6711270809173584
                ],
                [
                    0.0,
                    0.9758873581886292,
                    0.21827472746372223,
                    0.8798936009407043
                ],
                [
                    0.0,
                    0.0,
                    0.0,
                    1.0
                ]
            ]
        },
        {
            "file_path": "./train/r_56",
            "rotation": 0.012566370614359171,
            "transform_matrix": [
                [
                    -0.5703680515289307,
                    0.8067229390144348,
                    -0.15452639758586884,
                    -0.6229158639907837
                ],
                [
                    -0.8213893175125122,
                    -0.5601838231086731,
                    0.10730224847793579,
                    0.43254923820495605
                ],
                [
                    -7.450581485102248e-09,
                    0.18812799453735352,
                    0.9821444153785706,
                    3.959151029586792
                ],
                [
                    0.0,
                    0.0,
                    0.0,
                    1.0
                ]
            ]
        },
        {
            "file_path": "./train/r_57",
            "rotation": 0.012566370614359171,
            "transform_matrix": [
                [
                    -0.9822137951850891,
                    -0.1677587777376175,
                    0.08433839678764343,
                    0.339978963136673
                ],
                [
                    0.1877657175064087,
                    -0.8775562047958374,
                    0.44117921590805054,
                    1.7784502506256104
                ],
                [
                    0.0,
                    0.4491681754589081,
                    0.89344722032547,
                    3.6016008853912354
                ],
                [
                    0.0,
                    0.0,
                    0.0,
                    1.0
                ]
            ]
        },
        {
            "file_path": "./train/r_58",
            "rotation": 0.012566370614359171,
            "transform_matrix": [
                [
                    -0.33302783966064453,
                    0.7478148937225342,
                    -0.5743390917778015,
                    -2.315235137939453
                ],
                [
                    -0.942916989326477,
                    -0.2641199231147766,
                    0.20285022258758545,
                    0.8177154660224915
                ],
                [
                    1.4901161193847656e-08,
                    0.6091088652610779,
                    0.7930864691734314,
                    3.1970341205596924
                ],
                [
                    0.0,
                    0.0,
                    0.0,
                    1.0
                ]
            ]
        },
        {
            "file_path": "./train/r_59",
            "rotation": 0.012566370614359171,
            "transform_matrix": [
                [
                    -0.28166845440864563,
                    -0.5504832863807678,
                    0.7858948707580566,
                    3.168043851852417
                ],
                [
                    0.9595118761062622,
                    -0.16159653663635254,
                    0.2307025045156479,
                    0.929991602897644
                ],
                [
                    2.980232594040899e-08,
                    0.819057047367096,
                    0.5737119317054749,
                    2.31270694732666
                ],
                [
                    0.0,
                    0.0,
                    0.0,
                    1.0
                ]
            ]
        },
        {
            "file_path": "./train/r_60",
            "rotation": 0.012566370614359171,
            "transform_matrix": [
                [
                    -0.7199268341064453,
                    0.1475599855184555,
                    -0.6781823635101318,
                    -2.7338404655456543
                ],
                [
                    -0.6940498948097229,
                    -0.1530616134405136,
                    0.7034677267074585,
                    2.8357691764831543
                ],
                [
                    0.0,
                    0.9771378040313721,
                    0.21260714530944824,
                    0.8570468425750732
                ],
                [
                    0.0,
                    0.0,
                    0.0,
                    1.0
                ]
            ]
        },
        {
            "file_path": "./train/r_61",
            "rotation": 0.012566370614359171,
            "transform_matrix": [
                [
                    -0.999970555305481,
                    0.0056571876630187035,
                    -0.00517683569341898,
                    -0.020868491381406784
                ],
                [
                    -0.007668337319046259,
                    -0.7377116084098816,
                    0.675072431564331,
                    2.721303939819336
                ],
                [
                    -4.6566125955216364e-10,
                    0.675092339515686,
                    0.7377332448959351,
                    2.973897933959961
                ],
                [
                    0.0,
                    0.0,
                    0.0,
                    1.0
                ]
            ]
        },
        {
            "file_path": "./train/r_62",
            "rotation": 0.012566370614359171,
            "transform_matrix": [
                [
                    -0.26151391863822937,
                    0.9203336238861084,
                    -0.2908549904823303,
                    -1.1724741458892822
                ],
                [
                    -0.9651997685432434,
                    -0.24935775995254517,
                    0.07880505919456482,
                    0.31767338514328003
                ],
                [
                    0.0,
                    0.3013418912887573,
                    0.9535161256790161,
                    3.8437466621398926
                ],
                [
                    0.0,
                    0.0,
                    0.0,
                    1.0
                ]
            ]
        },
        {
            "file_path": "./train/r_63",
            "rotation": 0.012566370614359171,
            "transform_matrix": [
                [
                    0.7933609485626221,
                    -0.19958899915218353,
                    0.5751022100448608,
                    2.3183114528656006
                ],
                [
                    0.6087514758110046,
                    0.2601161599159241,
                    -0.7495071887969971,
                    -3.021360397338867
                ],
                [
                    0.0,
                    0.9447241425514221,
                    0.3278660774230957,
                    1.3216705322265625
                ],
                [
                    0.0,
                    0.0,
                    0.0,
                    1.0
                ]
            ]
        },
        {
            "file_path": "./train/r_64",
            "rotation": 0.012566370614359171,
            "transform_matrix": [
                [
                    -0.9780508875846863,
                    0.035429153591394424,
                    -0.2053319364786148,
                    -0.8277195692062378
                ],
                [
                    -0.20836611092090607,
                    -0.16630110144615173,
                    0.9638087749481201,
                    3.885237693786621
                ],
                [
                    0.0,
                    0.9854384064674377,
                    0.17003315687179565,
                    0.6854256391525269
                ],
                [
                    0.0,
                    0.0,
                    0.0,
                    1.0
                ]
            ]
        },
        {
            "file_path": "./train/r_65",
            "rotation": 0.012566370614359171,
            "transform_matrix": [
                [
                    0.9800372123718262,
                    -0.039007220417261124,
                    0.1949501782655716,
                    0.7858693599700928
                ],
                [
                    0.19881436228752136,
                    0.1922825276851654,
                    -0.9609891176223755,
