{
    "camera_angle_x": 0.6911112070083618,
    "frames": [
        {
            "file_path": "./train/r_20",
            "rotation": 0.012566370614359171,
            "transform_matrix": [
                [
                    0.21695367991924286,
                    -0.6544148325920105,
                    0.7243427038192749,
                    2.9199187755584717
                ],
                [
                    0.9761818051338196,
                    0.14544187486171722,
                    -0.160983145236969,
                    -0.6489438414573669
                ],
                [
                    -7.4505792646561986e-09,
                    0.742016077041626,
                    0.6703820824623108,
                    2.7023966312408447
                ],
                [
                    0.0,
                    0.0,
                    0.0,
                    1.0
                ]
            ]
        },
        {
            "file_path": "./train/r_21",
            "rotation": 0.012566370614359171,
            "transform_matrix": [
                [
                    0.9297462701797485,
                    0.2090565711259842,
                    -0.30309605598449707,
                    -1.221819281578064
                ],
                [
                    -0.3682008683681488,
                    0.5278900265693665,
                    -0.7653497457504272,
                    -3.085223436355591
                ],
                [
                    -1.4901161193847656e-08,
                    0.8231813311576843,
                    0.5677785873413086,
                    2.2887887954711914
                ],
                [
                    0.0,
                    0.0,
                    0.0,
                    1.0
                ]
            ]
        },
        {
            "file_path": "./train/r_22",
            "rotation": 0.012566370614359171,
            "transform_matrix": [
                [
                    -0.9124069213867188,
                    0.2567848563194275,
                    -0.31870847940444946,
                    -1.284754991531372
                ],
                [
                    -0.40928420424461365,
                    -0.5724440217018127,
                    0.7104887366294861,
                    2.8640716075897217
                ],
                [
                    -1.4901161193847656e-08,
                    0.7786971926689148,
                    0.6273998618125916,
                    2.52912974357605
                ],
                [
                    0.0,
                    0.0,
                    0.0,
                    1.0
                ]
            ]
        },
        {
            "file_path": "./train/r_23",
            "rotation": 0.012566370614359171,
            "transform_matrix": [
                [
                    0.4531955420970917,
                    0.5371476411819458,
                    -0.7113972902297974,
                    -2.867734432220459
                ],
                [
                    -0.8914111852645874,
                    0.27308711409568787,
                    -0.36167603731155396,
                    -1.4579628705978394
                ],
                [
                    0.0,
                    0.7980574369430542,
                    0.6025812029838562,
                    2.4290828704833984
                ],
                [
                    0.0,
                    0.0,
                    0.0,
                    1.0
                ]
            ]
        },
        {
            "file_path": "./train/r_24",
            "rotation": 0.012566370614359171,
            "transform_matrix": [
                [
                    0.1831890046596527,
                    -0.44644418358802795,
                    0.8758592009544373,
                    3.5307013988494873
                ],
                [
                    0.9830777645111084,
                    0.08319144695997238,
                    -0.16320964694023132,
                    -0.6579191088676453
                ],
                [
                    0.0,
                    0.8909358382225037,
                    0.45412909984588623,
                    1.8306529521942139
                ],
                [
                    0.0,
                    0.0,
                    0.0,
                    1.0
                ]
            ]
        },
        {
            "file_path": "./train/r_25",
            "rotation": 0.012566370614359171,
            "transform_matrix": [
                [
                    -0.020231610164046288,
                    0.5969099402427673,
                    -0.8020531535148621,
                    -3.2331795692443848
                ],
                [
                    -0.9997953176498413,
                    -0.012078922241926193,
                    0.016230149194598198,
                    0.0654258206486702
                ],
                [
                    0.0,
                    0.8022172451019287,
                    0.5970321893692017,
                    2.4067137241363525
                ],
                [
                    0.0,
                    0.0,
                    0.0,
                    1.0
                ]
            ]
        },
        {
            "file_path": "./train/r_26",
            "rotation": 0.012566370614359171,
            "transform_matrix": [
                [
                    -0.999925971031189,
                    0.011209065094590187,
                    -0.004754709545522928,
                    -0.019166847690939903
                ],
                [
                    -0.012175814248621464,
                    -0.920532763004303,
                    0.3904755115509033,
                    1.5740571022033691
                ],
                [
                    -4.656613428188905e-10,
                    0.3905043601989746,
                    0.9206010103225708,
                    3.711061477661133
                ],
                [
                    0.0,
                    0.0,
                    0.0,
                    1.0
                ]
            ]
        },
        {
            "file_path": "./train/r_27",
            "rotation": 0.012566370614359171,
            "transform_matrix": [
                [
                    0.9870885610580444,
                    0.06175914779305458,
                    -0.14779049158096313,
                    -0.5957625508308411
                ],
                [
                    -0.1601756066083908,
                    0.3805932402610779,
                    -0.9107648134231567,
                    -3.671410322189331
                ],
                [
                    3.725290742551124e-09,
                    0.9226778149604797,
                    0.38557156920433044,
                    1.5542887449264526
                ],
                [
                    0.0,
                    0.0,
                    0.0,
                    1.0
                ]
            ]
        },
        {
            "file_path": "./train/r_28",
            "rotation": 0.012566370614359171,
            "transform_matrix": [
                [
                    -0.8045517802238464,
                    -0.592066764831543,
                    0.046404410153627396,
                    0.18706214427947998
                ],
                [
                    0.5938826203346252,
                    -0.8020917773246765,
                    0.06286554038524628,
                    0.25341907143592834
                ],
                [
                    -3.725290298461914e-09,
                    0.0781378298997879,
                    0.9969426989555359,
                    4.01880407333374
                ],
                [
                    0.0,
                    0.0,
                    0.0,
                    1.0
                ]
            ]
        },
        {
            "file_path": "./train/r_29",
            "rotation": 0.012566370614359171,
            "transform_matrix": [
                [
                    -0.5450668931007385,
                    -0.3122735619544983,
                    0.7780662775039673,
                    3.1364855766296387
                ],
                [
                    0.8383924961090088,
                    -0.20301946997642517,
                    0.5058468580245972,
                    2.0391340255737305
                ],
                [
                    0.0,
                    0.9280453324317932,
                    0.372467041015625,
                    1.501462697982788
                ],
                [
                    0.0,
                    0.0,
                    0.0,
                    1.0
                ]
            ]
        },
        {
            "file_path": "./train/r_30",
            "rotation": 0.012566370614359171,
            "transform_matrix": [
                [
                    0.40843573212623596,
                    -0.8847178816795349,
                    0.22462114691734314,
                    0.9054768085479736
                ],
                [
                    0.912787139415741,
                    0.39587587118148804,
                    -0.10050898790359497,
                    -0.4051646888256073
                ],
                [
                    7.450580596923828e-09,
                    0.24608272314071655,
                    0.9692488312721252,
                    3.9071669578552246
                ],
                [
                    0.0,
                    0.0,
                    0.0,
                    1.0
                ]
            ]
        },
        {
            "file_path": "./train/r_31",
            "rotation": 0.012566370614359171,
            "transform_matrix": [
                [
                    0.03774317353963852,
                    -0.9023524522781372,
                    0.42934301495552063,
                    1.7307370901107788
                ],
                [
                    0.9992875456809998,
                    0.034081924706697464,
                    -0.016216320917010307,
                    -0.06537008285522461
                ],
                [
                    0.0,
                    0.42964908480644226,
                    0.9029958844184875,
                    3.6400928497314453
                ],
                [
                    0.0,
                    0.0,
                    0.0,
                    1.0
                ]
            ]
        },
        {
            "file_path": "./train/r_32",
            "rotation": 0.012566370614359171,
            "transform_matrix": [
                [
                    -0.28445911407470703,
                    -0.1605762541294098,
                    0.9451445937156677,
                    3.809999465942383
                ],
                [
                    0.9586882591247559,
                    -0.047645702958106995,
                    0.28044044971466064,
                    1.1304916143417358
                ],
                [
                    0.0,
                    0.9858728051185608,
                    0.16749580204486847,
                    0.6751971244812012
                ],
                [
                    0.0,
                    0.0,
                    0.0,
                    1.0
                ]
            ]
        },
        {
            "file_path": "./train/r_33",
            "rotation": 0.012566370614359171,
            "transform_matrix": [
                [
                    -0.8884555101394653,
                    -0.4511326253414154,
                    0.08441691100597382,
                    0.3402954638004303
                ],
                [
                    0.4589628279209137,
                    -0.873297929763794,
                    0.1634133905172348,
                    0.6587404608726501
                ],
                [
                    0.0,
                    0.18392983078956604,
                    0.9829393625259399,
                    3.962355375289917
                ],
                [
                    0.0,
                    0.0,
                    0.0,
                    1.0
                ]
            ]
        },
        {
            "file_path": "./train/r_34",
            "rotation": 0.012566370614359171,
            "transform_matrix": [
                [
                    -0.9651659727096558,
                    0.06538739055395126,
                    -0.2533361613750458,
                    -1.021230697631836
                ],
                [
                    -0.2616385519504547,
                    -0.24120943248271942,
                    0.9345390796661377,
                    3.767247438430786
                ],
                [
                    3.725290298461914e-09,
                    0.9682677388191223,
                    0.24991503357887268,
                    1.0074397325515747
                ],
                [
                    0.0,
                    0.0,
                    0.0,
                    1.0
                ]
            ]
        },
        {
            "file_path": "./train/r_35",
            "rotation": 0.012566370614359171,
            "transform_matrix": [
                [
                    0.9745389223098755,
                    -0.07048273086547852,
                    0.2128523290157318,
                    0.8580352663993835
                ],
                [
                    0.22421851754188538,
                    0.30634474754333496,
                    -0.9251371622085571,
                    -3.7293474674224854
                ],
                [
                    0.0,
                    0.9493075609207153,
                    0.314348429441452,
                    1.2671791315078735
                ],
                [
                    0.0,
                    0.0,
                    0.0,
                    1.0
                ]
            ]
        },
        {
            "file_path": "./train/r_36",
            "rotation": 0.012566370614359171,
            "transform_matrix": [
                [
                    -0.9111769795417786,
                    -0.16279630362987518,
                    0.3784891664981842,
                    1.5257385969161987
                ],
                [
                    0.412015438079834,
                    -0.36002591252326965,
                    0.837033212184906,
                    3.3741888999938965
                ],
                [
                    -1.4901162970204496e-08,
                    0.9186286926269531,
                    0.39512187242507935,
                    1.592787265777588
                ],
                [
                    0.0,
                    0.0,
                    0.0,
                    1.0
                ]
            ]
        },
        {
            "file_path": "./train/r_37",
            "rotation": 0.012566370614359171,
            "transform_matrix": [
                [
                    -0.5811769962310791,
                    -0.4710262417793274,
                    0.6636019349098206,
                    2.6750645637512207
                ],
                [
                    0.8137770295143127,
                    -0.33639389276504517,
                    0.4739261269569397,
                    1.9104571342468262
                ],
                [
                    0.0,
                    0.8154589533805847,
                    0.5788148641586304,
                    2.3332769870758057
                ],
                [
                    0.0,
                    0.0,
                    0.0,
                    1.0
                ]
            ]
        },
        {
            "file_path": "./train/r_38",
            "rotation": 0.012566370614359171,
            "transform_matrix": [
                [
                    -0.3250863254070282,
                    0.8600032329559326,
                    -0.39333611726760864,
                    -1.5855886936187744
                ],
                [
                    -0.9456844329833984,
                    -0.2956327795982361,
                    0.13521233201026917,
                    0.5450584292411804
                ],
                [
                    0.0,
                    0.4159274697303772,
                    0.9093976616859436,
                    3.6658995151519775
                ],
                [
                    0.0,
                    0.0,
                    0.0,
                    1.0
                ]
            ]
        },
        {
            "file_path": "./train/r_39",
            "rotation": 0.012566370614359171,
            "transform_matrix": [
                [
                    0.7421568036079407,
                    0.21827276051044464,
                    -0.6336879134178162,
                    -2.5544774532318115
                ],
                [
                    -0.6702263355255127,
                    0.24169836938381195,
                    -0.7016969919204712,
                    -2.8286306858062744
                ],
                [
                    -1.4901161193847656e-08,
                    0.945483386516571,
                    0.3256702423095703,
                    1.3128185272216797
                ],
                [
                    0.0,
                    0.0,
                    0.0,
                    1.0
                ]
            ]
        },
        {
            "file_path": "./train/r_40",
            "rotation": 0.012566370614359171,
            "transform_matrix": [
                [
                    -0.9898127317428589,
                    -0.06914171576499939,
                    0.12445991486310959,
                    0.5017139911651611
                ],
                [
                    0.14237575232982635,
                    -0.48068124055862427,
                    0.8652597665786743,
                    3.487973928451538
                ],
                [
                    3.725290742551124e-09,
                    0.8741650581359863,
                    0.48562854528427124,
                    1.9576313495635986
                ],
                [
                    0.0,
                    0.0,
                    0.0,
                    1.0
                ]
            ]
        },
        {
            "file_path": "./train/r_41",
            "rotation": 0.012566370614359171,
            "transform_matrix": [
                [
                    0.8673840165138245,
                    -0.468833863735199,
                    0.16685236990451813,
                    0.6726034283638
                ],
                [
                    0.49763932824134827,
                    0.8171761631965637,
                    -0.2908232510089874,
                    -1.1723459959030151
                ],
                [
                    0.0,
                    0.33528774976730347,
                    0.9421157240867615,
                    3.797790050506592
                ],
                [
                    0.0,
                    0.0,
                    0.0,
                    1.0
                ]
            ]
        },
        {
            "file_path": "./train/r_42",
            "rotation": 0.012566370614359171,
            "transform_matrix": [
                [
                    0.5151906609535217,
                    0.7264921069145203,
                    -0.45473918318748474,
                    -1.833112359046936
                ],
                [
                    -0.8570756912231445,
                    0.43669652938842773,
                    -0.27334505319595337,
                    -1.1018892526626587
                ],
                [
                    -1.4901162970204496e-08,
                    0.5305706858634949,
                    0.8476405739784241,
                    3.4169487953186035
                ],
                [
                    0.0,
                    0.0,
                    0.0,
                    1.0
                ]
            ]
        },
        {
            "file_path": "./train/r_43",
            "rotation": 0.012566370614359171,
            "transform_matrix": [
                [
                    0.06528022885322571,
                    -0.41331547498703003,
                    0.9082449674606323,
                    3.661252021789551
                ],
                [
                    0.9978670477867126,
                    0.027039004489779472,
                    -0.059417176991701126,
                    -0.23951826989650726
                ],
                [
                    0.0,
                    0.910186231136322,
                    0.4141990840435028,
                    1.669689655303955
                ],
                [
                    0.0,
                    0.0,
                    0.0,
                    1.0
                ]
            ]
        },
        {
            "file_path": "./train/r_44",
            "rotation": 0.012566370614359171,
            "transform_matrix": [
                [
                    0.7727324366569519,
                    -0.1390942931175232,
                    0.6193038821220398,
                    2.4964938163757324
                ],
                [
                    0.6347318887710571,
                    0.16933555901050568,
                    -0.7539501786231995,
                    -3.0392704010009766
                ],
                [
                    0.0,
                    0.9756935834884644,
                    0.21913866698741913,
                    0.8833762407302856
                ],
                [
                    0.0,
                    0.0,
                    0.0,
                    1.0
                ]
            ]
        },
        {
            "file_path": "./train/r_45",
            "rotation": 0.012566370614359171,
            "transform_matrix": [
                [
                    0.9988773465156555,
                    0.038832586258649826,
                    -0.027132950723171234,
                    -0.10937642306089401
                ],
                [
                    -0.047372639179229736,
                    0.8188058137893677,
                    -0.5721127390861511,
                    -2.306260108947754
                ],
                [
                    0.0,
                    0.5727558135986328,
                    0.8197260499000549,
                    3.3044214248657227
                ],
                [
                    0.0,
                    0.0,
                    0.0,
                    1.0
                ]
            ]
        },
        {
            "file_path": "./train/r_46",
            "rotation": 0.012566370614359171,
            "transform_matrix": [
                [
                    0.420754611492157,
                    0.19822964072227478,
                    -0.8852517008781433,
                    -3.56856369972229
                ],
                [
                    -0.9071745872497559,
                    0.09194044768810272,
                    -0.4105866253376007,
                    -1.6551276445388794
                ],
                [
                    0.0,
                    0.9758339524269104,
                    0.21851323544979095,
                    0.8808550238609314
                ],
                [
                    0.0,
                    0.0,
                    0.0,
                    1.0
                ]
            ]
        },
        {
            "file_path": "./train/r_47",
            "rotation": 0.012566370614359171,
            "transform_matrix": [
                [
                    -0.6282806992530823,
                    -0.5589950680732727,
                    0.5410986542701721,
                    2.1812384128570557
                ],
                [
                    0.7779867053031921,
                    -0.4514291286468506,
                    0.43697643280029297,
                    1.7615083456039429
                ],
                [
                    1.4901160305669237e-08,
                    0.6955114006996155,
                    0.7185150384902954,
                    2.8964266777038574
                ],
                [
                    0.0,
                    0.0,
                    0.0,
                    1.0
                ]
            ]
        },
        {
            "file_path": "./train/r_48",
            "rotation": 0.012566370614359171,
            "transform_matrix": [
                [
                    -0.9802773594856262,
                    -0.18404550850391388,
                    0.07199573516845703,
                    0.2902240753173828
                ],
                [
                    0.19762621819972992,
                    -0.91291344165802,
                    0.35711750388145447,
                    1.4395866394042969
                ],
                [
                    0.0,
                    0.36430248618125916,
                    0.9312806725502014,
                    3.7541122436523438
                ],
                [
                    0.0,
                    0.0,
                    0.0,
                    1.0
                ]
            ]
        },
        {
            "file_path": "./train/r_49",
            "rotation": 0.012566370614359171,
            "transform_matrix": [
                [
                    -0.7926223874092102,
                    0.37048059701919556,
                    -0.4842456877231598,
                    -1.9520565271377563
                ],
                [
                    -0.6097127795219421,
                    -0.48162218928337097,
                    0.6295160055160522,
                    2.5376598834991455
                ],
                [
                    0.0,
                    0.7942192554473877,
                    0.6076313257217407,
                    2.4494400024414062
                ],
                [
                    0.0,
                    0.0,
                    0.0,
                    1.0
                ]
            ]
        },
        {
            "file_path": "./train/r_50",
            "rotation": 0.012566370614359171,
            "transform_matrix": [
                [
                    0.7141667604446411,
                    0.22308757901191711,
                    -0.6634740233421326,
                    -2.6745493412017822
                ],
                [
                    -0.6999756097793579,
                    0.22761040925979614,
                    -0.6769251227378845,
                    -2.7287724018096924
                ],
                [
                    1.4901162970204496e-08,
                    0.9478530287742615,
                    0.3187076449394226,
                    1.2847516536712646
                ],
                [
                    0.0,
                    0.0,
                    0.0,
                    1.0
                ]
            ]
        },
        {
            "file_path": "./train/r_51",
            "rotation": 0.012566370614359171,
            "transform_matrix": [
                [
                    0.7928258776664734,
                    -0.4255838990211487,
                    0.4362400472164154,
                    1.7585399150848389
                ],
                [
                    0.6094481348991394,
                    0.5536384582519531,
                    -0.5675010085105896,
                    -2.2876696586608887
                ],
                [
                    1.4901160305669237e-08,
                    0.71579509973526,
                    0.6983103156089783,
                    2.814978837966919
                ],
                [
                    0.0,
                    0.0,
                    0.0,
                    1.0
                ]
            ]
        },
        {
            "file_path": "./train/r_52",
            "rotation": 0.012566370614359171,
            "transform_matrix": [
                [
                    -0.4369763135910034,
                    -0.657843828201294,
                    0.6134274005889893,
                    2.4728050231933594
                ],
                [
                    0.8994730114936829,
                    -0.3195895552635193,
                    0.29801145195961,
                    1.2013225555419922
                ],
                [
                    0.0,
                    0.6819854378700256,
                    0.7313657999038696,
                    2.9482297897338867
                ],
                [
                    0.0,
                    0.0,
                    0.0,
                    1.0
                ]
            ]
        },
        {
            "file_path": "./train/r_53",
            "rotation": 0.012566370614359171,
            "transform_matrix": [
                [
                    0.8296871781349182,
                    -0.28046610951423645,
                    0.48265716433525085,
                    1.9456533193588257
                ],
                [
                    0.558228611946106,
                    0.416852742433548,
                    -0.7173664569854736,
                    -2.891796588897705
                ],
                [
                    1.4901161193847656e-08,
                    0.8646227717399597,
                    0.5024215579032898,
                    2.0253260135650635
                ],
                [
                    0.0,
                    0.0,
                    0.0,
                    1.0
                ]
            ]
        },
        {
            "file_path": "./train/r_54",
            "rotation": 0.012566370614359171,
            "transform_matrix": [
                [
                    -0.9968070983886719,
                    0.024299805983901024,
                    -0.07606039196252823,
                    -0.30660924315452576
                ],
                [
                    -0.07984776049852371,
                    -0.30335503816604614,
                    0.9495262503623962,
                    3.827662706375122
                ],
                [
                    1.862645149230957e-09,
                    0.9525677561759949,
                    0.30432671308517456,
                    1.2267801761627197
                ],
                [
                    0.0,
                    0.0,
                    0.0,
                    1.0
                ]
            ]
        },
        {
            "file_path": "./train/r_55",
            "rotation": 0.012566370614359171,
            "transform_matrix": [
                [
                    0.9999492168426514,
                    -0.008713713847100735,
                    0.0050829676911234856,
                    0.020490098744630814
                ],
                [
                    0.010087884031236172,
                    0.8637362718582153,
                    -0.5038430094718933,
                    -2.0310561656951904
                ],
                [
                    4.656613428188905e-10,
                    0.5038687586784363,
                    0.8637803196907043,
                    3.4820098876953125
                ],
                [
                    0.0,
                    0.0,
                    0.0,
                    1.0
                ]
            ]
        },
        {
            "file_path": "./train/r_56",
            "rotation": 0.012566370614359171,
            "transform_matrix": [
                [
                    0.6759243607521057,
                    -0.4822070896625519,
                    0.557317316532135,
                    2.2466180324554443
                ],
                [
                    0.7369710206985474,
                    0.4422636926174164,
                    -0.5111522078514099,
                    -2.0605204105377197
                ],
                [
                    1.4901162970204496e-08,
                    0.7562268376350403,
                    0.6543094515800476,
                    2.637605667114258
                ],
                [
                    0.0,
                    0.0,
                    0.0,
                    1.0
                ]
            ]
        },
        {
            "file_path": "./train/r_57",
            "rotation": 0.012566370614359171,
            "transform_matrix": [
                [
                    0.01603628881275654,
                    -0.6642361879348755,
                    0.7473506927490234,
                    3.012666940689087
                ],
                [
                    0.9998714923858643,
                    0.010653252713382244,
                    -0.011986271478235722,
                    -0.04831820726394653
                ],
                [
                    0.0,
                    0.7474468350410461,
                    0.6643216013908386,
                    2.6779661178588867
                ],
                [
                    0.0,
                    0.0,
                    0.0,
                    1.0
                ]
            ]
        },
        {
            "file_path": "./train/r_58",
            "rotation": 0.012566370614359171,
            "transform_matrix": [
                [
                    -0.9587520956993103,
                    -0.2835506796836853,
                    0.019835231825709343,
                    0.07995837926864624
                ],
                [
                    0.2842435836791992,
                    -0.9564149379730225,
                    0.06690413504838943,
                    0.26969918608665466
                ],
                [
                    -1.8626449271863521e-09,
                    0.06978224217891693,
                    0.9975622892379761,
                    4.021302223205566
                ],
                [
                    0.0,
                    0.0,
                    0.0,
                    1.0
                ]
            ]
        },
        {
            "file_path": "./train/r_59",
            "rotation": 0.012566370614359171,
            "transform_matrix": [
                [
                    0.7725465893745422,
                    0.24233390390872955,
                    -0.586895227432251,
                    -2.3658504486083984
                ],
                [
                    -0.6349580883979797,
                    0.29484501481056213,
                    -0.7140690088272095,
                    -2.8785042762756348
                ],
                [
                    0.0,
                    0.9243054986000061,
                    0.381653368473053,
                    1.5384939908981323
                ],
                [
                    0.0,
                    0.0,
                    0.0,
                    1.0
                ]
            ]
        },
        {
            "file_path": "./train/r_60",
            "rotation": 0.012566370614359171,
            "transform_matrix": [
                [
                    -0.8427379131317139,
                    0.46029067039489746,
                    -0.2791512608528137,
                    -1.1252946853637695
                ],
                [
                    -0.538324236869812,
                    -0.720577597618103,
                    0.43700677156448364,
                    1.761630654335022
                ],
                [
                    -1.4901162970204496e-08,
                    0.5185559391975403,
                    0.8550436496734619,
                    3.446791172027588
                ],
                [
                    0.0,
                    0.0,
                    0.0,
                    1.0
                ]
            ]
        },
        {
            "file_path": "./train/r_61",
            "rotation": 0.012566370614359171,
            "transform_matrix": [
                [
                    -0.9472300410270691,
                    0.2866010069847107,
                    -0.14357957243919373,
                    -0.5787877440452576
                ],
                [
                    -0.32055461406707764,
                    -0.8468981385231018,
                    0.42427366971969604,
                    1.7103018760681152
                ],
                [
                    -7.450581485102248e-09,
                    0.44790971279144287,
                    0.8940786719322205,
                    3.6041464805603027
                ],
                [
                    0.0,
                    0.0,
                    0.0,
                    1.0
                ]
            ]
        },
        {
            "file_path": "./train/r_62",
            "rotation": 0.012566370614359171,
            "transform_matrix": [
                [
                    0.9525361061096191,
                    -0.22397510707378387,
                    0.20618003606796265,
                    0.8311383724212646
                ],
                [
                    0.30442580580711365,
                    0.700809121131897,
                    -0.6451290249824524,
                    -2.6005985736846924
                ],
                [
                    -1.4901162970204496e-08,
                    0.6772751808166504,
                    0.7357296943664551,
                    2.9658215045928955
                ],
                [
                    0.0,
                    0.0,
                    0.0,
                    1.0
                ]
            ]
        },
        {
            "file_path": "./train/r_63",
            "rotation": 0.012566370614359171,
            "transform_matrix": [
                [
                    -0.69163578748703,
                    -0.620691180229187,
                    0.3692997395992279,
                    1.4886949062347412
                ],
                [
                    0.7222464084625244,
                    -0.5943847298622131,
                    0.3536478877067566,
                    1.425600290298462
                ],
                [
                    0.0,
                    0.5113208293914795,
                    0.8593897819519043,
                    3.464311122894287
                ],
                [
                    0.0,
                    0.0,
