{
    "camera_angle_x": 0.6911112070083618,
    "frames": [
        {
            "file_path": "./train/r_0",
            "rotation": 0.012566370614359171,
            "transform_matrix": [
                [
                    -0.9938939213752747,
                    -0.10829982906579971,
                    0.021122142672538757,
                    0.08514608442783356
                ],
                [
                    0.11034037917852402,
                    -0.9755136370658875,
                    0.19025827944278717,
                    0.7669557332992554
                ],
                [
                    0.0,
                    0.19142703711986542,
                    0.9815067052841187,
                    3.956580400466919
                ],
                [
                    0.0,
                    0.0,
                    0.0,
                    1.0
                ]
            ]
        },
        {
            "file_path": "./train/r_1",
            "rotation": 0.012566370614359171,
            "transform_matrix": [
                [
                    0.6489902138710022,
                    -0.5865288972854614,
                    0.4845570921897888,
                    1.9533121585845947
                ],
                [
                    0.7607967853546143,
                    0.5003327131271362,
                    -0.41334667801856995,
                    -1.6662538051605225
                ],
                [
                    1.4901162970204496e-08,
                    0.6369073390960693,
                    0.7709402441978455,
                    3.107759475708008
                ],
                [
                    0.0,
                    0.0,
                    0.0,
                    1.0
                ]
            ]
        },
        {
            "file_path": "./train/r_2",
            "rotation": 0.012566370614359171,
            "transform_matrix": [
                [
                    0.9627754092216492,
                    0.21672433614730835,
                    -0.16153617203235626,
                    -0.6511731147766113
                ],
                [
                    -0.27030235528945923,
                    0.7719387412071228,
                    -0.5753669738769531,
                    -2.31937837600708
                ],
                [
                    7.450580152834618e-09,
                    0.597612738609314,
                    0.8017848134040833,
                    3.232097864151001
                ],
                [
                    0.0,
                    0.0,
                    0.0,
                    1.0
                ]
            ]
        },
        {
            "file_path": "./train/r_3",
            "rotation": 0.012566370614359171,
            "transform_matrix": [
                [
                    -0.9622705578804016,
                    -0.22874689102172852,
                    0.147343710064888,
                    0.5939614772796631
                ],
                [
                    0.2720943093299866,
                    -0.8089709877967834,
                    0.5210859179496765,
                    2.100564479827881
                ],
                [
                    7.450580596923828e-09,
                    0.5415170192718506,
                    0.8406897783279419,
                    3.3889288902282715
                ],
                [
                    0.0,
                    0.0,
                    0.0,
                    1.0
                ]
            ]
        },
        {
            "file_path": "./train/r_4",
            "rotation": 0.012566370614359171,
            "transform_matrix": [
                [
                    -0.1534700244665146,
                    -0.4296487867832184,
                    0.8898589015007019,
                    3.5871360301971436
                ],
                [
                    0.9881532192230225,
                    -0.06672873347997665,
                    0.1382039487361908,
                    0.5571179389953613
                ],
                [
                    -3.725290076417309e-09,
                    0.9005271792411804,
                    0.4347996711730957,
                    1.752733588218689
                ],
                [
                    0.0,
                    0.0,
                    0.0,
                    1.0
                ]
            ]
        },
        {
            "file_path": "./train/r_5",
            "rotation": 0.012566370614359171,
            "transform_matrix": [
                [
                    0.9051302671432495,
                    -0.39408883452415466,
                    0.1594780534505844,
                    0.6428765058517456
                ],
                [
                    0.42513442039489746,
                    0.8390328288078308,
                    -0.3395359218120575,
                    -1.3687129020690918
                ],
                [
                    0.0,
                    0.3751237690448761,
                    0.9269747734069824,
                    3.7367544174194336
                ],
                [
                    0.0,
                    0.0,
                    0.0,
                    1.0
                ]
            ]
        },
        {
            "file_path": "./train/r_6",
            "rotation": 0.012566370614359171,
            "transform_matrix": [
                [
                    0.9937224388122559,
                    -0.024321498349308968,
                    0.10919810831546783,
                    0.4401916563510895
                ],
                [
                    0.11187387257814407,
                    0.21603631973266602,
                    -0.9699549078941345,
                    -3.910013198852539
                ],
                [
                    0.0,
                    0.9760823249816895,
                    0.21740107238292694,
                    0.8763717412948608
                ],
                [
                    0.0,
                    0.0,
                    0.0,
                    1.0
                ]
            ]
        },
        {
            "file_path": "./train/r_7",
            "rotation": 0.012566370614359171,
            "transform_matrix": [
                [
                    0.4455846846103668,
                    -0.8379105925559998,
                    0.31521421670913696,
                    1.2706692218780518
                ],
                [
                    0.8952397108078003,
                    0.41705045104026794,
                    -0.15689051151275635,
                    -0.6324459314346313
                ],
                [
                    0.0,
                    0.3521002531051636,
                    0.9359622001647949,
                    3.772984504699707
                ],
                [
                    0.0,
                    0.0,
                    0.0,
                    1.0
                ]
            ]
        },
        {
            "file_path": "./train/r_8",
            "rotation": 0.012566370614359171,
            "transform_matrix": [
                [
                    -0.9922294020652771,
                    -0.019178396090865135,
                    0.12293494492769241,
                    0.49556660652160645
                ],
                [
                    0.12442190200090408,
                    -0.15294227004051208,
                    0.9803712964057922,
                    3.952003002166748
                ],
                [
                    0.0,
                    0.9880490899085999,
                    0.15414001047611237,
                    0.6213582754135132
                ],
                [
                    0.0,
                    0.0,
                    0.0,
                    1.0
                ]
            ]
        },
        {
            "file_path": "./train/r_9",
            "rotation": 0.012566370614359171,
            "transform_matrix": [
                [
                    0.09492342174053192,
                    -0.9353886246681213,
                    0.3406427502632141,
                    1.3731749057769775
                ],
                [
                    0.9954845905303955,
                    0.08919302374124527,
                    -0.03248164430260658,
                    -0.13093769550323486
                ],
                [
                    3.725290742551124e-09,
                    0.3421878218650818,
                    0.9396315217018127,
                    3.787775754928589
                ],
                [
                    0.0,
                    0.0,
                    0.0,
                    1.0
                ]
            ]
        },
        {
            "file_path": "./train/r_10",
            "rotation": 0.012566370614359171,
            "transform_matrix": [
                [
                    -0.5773599743843079,
                    0.45909157395362854,
                    -0.6751965880393982,
                    -2.721804618835449
                ],
                [
                    -0.8164898157119751,
                    -0.3246349096298218,
                    0.47744807600975037,
                    1.9246547222137451
                ],
                [
                    0.0,
                    0.8269504308700562,
                    0.5622747540473938,
                    2.266602039337158
                ],
                [
                    0.0,
                    0.0,
                    0.0,
                    1.0
                ]
            ]
        },
        {
            "file_path": "./train/r_11",
            "rotation": 0.012566370614359171,
            "transform_matrix": [
                [
                    0.16463778913021088,
                    0.6761028170585632,
                    -0.7181777358055115,
                    -2.895066976547241
                ],
                [
                    -0.9863541126251221,
                    0.11285203695297241,
                    -0.1198749914765358,
                    -0.4832315444946289
                ],
                [
                    0.0,
                    0.7281134724617004,
                    0.6854565739631653,
                    2.7631638050079346
                ],
                [
                    0.0,
                    0.0,
                    0.0,
                    1.0
                ]
            ]
        },
        {
            "file_path": "./train/r_12",
            "rotation": 0.012566370614359171,
            "transform_matrix": [
                [
                    0.10362774133682251,
                    -0.4842764139175415,
                    0.8687562346458435,
                    3.5020687580108643
                ],
                [
                    0.9946160912513733,
                    0.05045612156391144,
                    -0.09051456302404404,
                    -0.3648759126663208
                ],
                [
                    0.0,
                    0.8734588623046875,
                    0.4868977963924408,
                    1.9627479314804077
                ],
                [
                    0.0,
                    0.0,
                    0.0,
                    1.0
                ]
            ]
        },
        {
            "file_path": "./train/r_13",
            "rotation": 0.012566370614359171,
            "transform_matrix": [
                [
                    0.14200207591056824,
                    -0.9866383075714111,
                    0.07987617701292038,
                    0.3219911754131317
                ],
                [
                    0.9898663759231567,
                    0.14153899252414703,
                    -0.011458702385425568,
                    -0.04619150608778
                ],
                [
                    9.313225746154785e-10,
                    0.08069393783807755,
                    0.9967389106750488,
                    4.0179829597473145
                ],
                [
                    0.0,
                    0.0,
                    0.0,
                    1.0
                ]
            ]
        },
        {
            "file_path": "./train/r_14",
            "rotation": 0.012566370614359171,
            "transform_matrix": [
                [
                    0.6632052659988403,
                    0.5419076085090637,
                    -0.5162315368652344,
                    -2.080995798110962
                ],
                [
                    -0.7484376430511475,
                    0.48019498586654663,
                    -0.4574429392814636,
                    -1.8440114259719849
                ],
                [
                    -1.4901161193847656e-08,
                    0.6897456645965576,
                    0.7240517735481262,
                    2.918745994567871
                ],
                [
                    0.0,
                    0.0,
                    0.0,
                    1.0
                ]
            ]
        },
        {
            "file_path": "./train/r_15",
            "rotation": 0.012566370614359171,
            "transform_matrix": [
                [
                    -0.6709288358688354,
                    0.17179998755455017,
                    -0.7213454842567444,
                    -2.9078361988067627
                ],
                [
                    -0.7415216565132141,
                    -0.15544463694095612,
                    0.6526734232902527,
                    2.6310102939605713
                ],
                [
                    -7.4505792646561986e-09,
                    0.9727905988693237,
                    0.2316857874393463,
                    0.933955192565918
                ],
                [
                    0.0,
                    0.0,
                    0.0,
                    1.0
                ]
            ]
        },
        {
            "file_path": "./train/r_16",
            "rotation": 0.012566370614359171,
            "transform_matrix": [
                [
                    0.027753591537475586,
                    -0.1668950766324997,
                    0.9855839610099792,
                    3.9730160236358643
                ],
                [
                    0.9996147751808167,
                    0.004633722826838493,
                    -0.027364036068320274,
                    -0.1103079542517662
                ],
                [
                    0.0,
                    0.9859637022018433,
                    0.16695940494537354,
                    0.6730349063873291
                ],
                [
                    0.0,
                    0.0,
                    0.0,
                    1.0
                ]
            ]
        },
        {
            "file_path": "./train/r_17",
            "rotation": 0.012566370614359171,
            "transform_matrix": [
                [
                    0.7497535943984985,
                    0.43842214345932007,
                    -0.49563631415367126,
                    -1.997973918914795
                ],
                [
                    -0.6617169380187988,
                    0.496751070022583,
                    -0.5615771412849426,
                    -2.2637898921966553
                ],
                [
                    0.0,
                    0.7490155100822449,
                    0.6625523567199707,
                    2.6708340644836426
                ],
                [
                    0.0,
                    0.0,
                    0.0,
                    1.0
                ]
            ]
        },
        {
            "file_path": "./train/r_18",
            "rotation": 0.012566370614359171,
            "transform_matrix": [
                [
                    0.2878049910068512,
                    -0.4282647967338562,
                    0.8565964102745056,
                    3.4530508518218994
                ],
                [
                    0.957689106464386,
                    0.12870225310325623,
                    -0.25742456316947937,
                    -1.0377117395401
                ],
                [
                    -7.450581485102248e-09,
                    0.8944411277770996,
                    0.4471856653690338,
                    1.8026632070541382
                ],
                [
                    0.0,
                    0.0,
                    0.0,
                    1.0
                ]
            ]
        },
        {
            "file_path": "./train/r_19",
            "rotation": 0.012566370614359171,
            "transform_matrix": [
                [
                    -0.8191185593605042,
                    -0.2685099244117737,
                    0.5068995356559753,
                    2.043377637863159
                ],
                [
                    0.5736241936683655,
                    -0.3834242820739746,
                    0.723837673664093,
                    2.9178831577301025
                ],
                [
                    0.0,
                    0.8836787939071655,
                    0.4680936634540558,
                    1.8869460821151733
                ],
                [
                    0.0,
                    0.0,
                    0.0,
                    1.0
                ]
            ]
        }
    ]
}
